IoU 0.50
test,50,0,0,1.000,1.000,1.000,0.814,0.052
IoU 0.51
test,50,0,0,1.000,1.000,1.000,0.814,0.052
IoU 0.52
test,50,0,0,1.000,1.000,1.000,0.814,0.052
IoU 0.53
test,50,0,0,1.000,1.000,1.000,0.814,0.052
IoU 0.54
test,50,0,0,1.000,1.000,1.000,0.814,0.052
IoU 0.55
test,50,0,0,1.000,1.000,1.000,0.814,0.052
IoU 0.56
test,50,0,0,1.000,1.000,1.000,0.814,0.052
IoU 0.57
test,50,0,0,1.000,1.000,1.000,0.814,0.052
IoU 0.58
test,50,0,0,1.000,1.000,1.000,0.814,0.052
IoU 0.59
test,50,0,0,1.000,1.000,1.000,0.814,0.052
IoU 0.60
test,50,0,0,1.000,1.000,1.000,0.814,0.052
IoU 0.61
test,49,1,1,0.980,0.980,0.980,0.818,0.043
IoU 0.62
test,49,1,1,0.980,0.980,0.980,0.818,0.043
IoU 0.63
test,49,1,1,0.980,0.980,0.980,0.818,0.043
IoU 0.64
test,49,1,1,0.980,0.980,0.980,0.818,0.043
IoU 0.65
test,49,1,1,0.980,0.980,0.980,0.818,0.043
IoU 0.66
test,49,1,1,0.980,0.980,0.980,0.818,0.043
IoU 0.67
test,49,1,1,0.980,0.980,0.980,0.818,0.043
IoU 0.68
test,49,1,1,0.980,0.980,0.980,0.818,0.043
IoU 0.69
test,49,1,1,0.980,0.980,0.980,0.818,0.043
IoU 0.70
test,49,1,1,0.980,0.980,0.980,0.818,0.043
IoU 0.71
test,49,1,1,0.980,0.980,0.980,0.818,0.043
IoU 0.72
test,49,1,1,0.980,0.980,0.980,0.818,0.043
IoU 0.73
test,47,3,3,0.940,0.940,0.940,0.822,0.039
IoU 0.74
test,47,3,3,0.940,0.940,0.940,0.822,0.039
IoU 0.75
test,47,3,3,0.940,0.940,0.940,0.822,0.039
IoU 0.76
test,45,5,5,0.900,0.900,0.900,0.825,0.038
IoU 0.77
test,44,6,6,0.880,0.880,0.880,0.827,0.037
IoU 0.78
test,41,9,9,0.820,0.820,0.820,0.831,0.035
IoU 0.79
test,38,12,12,0.760,0.760,0.760,0.834,0.034
IoU 0.80
test,33,17,17,0.660,0.660,0.660,0.840,0.032
IoU 0.81
test,28,22,22,0.560,0.560,0.560,0.847,0.030
IoU 0.82
test,20,30,30,0.400,0.400,0.400,0.860,0.027
IoU 0.83
test,17,33,33,0.340,0.340,0.340,0.866,0.023
IoU 0.84
test,14,36,36,0.280,0.280,0.280,0.873,0.019
IoU 0.85
test,13,37,37,0.260,0.260,0.260,0.876,0.018
IoU 0.86
test,10,40,40,0.200,0.200,0.200,0.882,0.015
IoU 0.87
test,8,42,42,0.160,0.160,0.160,0.886,0.014
IoU 0.88
test,5,45,45,0.100,0.100,0.100,0.894,0.012
IoU 0.89
test,3,47,47,0.060,0.060,0.060,0.903,0.008
IoU 0.90
test,1,49,49,0.020,0.020,0.020,0.913,0.000
IoU 0.91
test,1,49,49,0.020,0.020,0.020,0.913,0.000
